1 0.010000 0.400000 3 8 5.231711
2 0.010000 0.400000 8 3 5.231711
3 0.010000 0.930000 2 4 43.745523
4 0.010000 0.930000 4 2 43.745523
5 0.010000 2.640000 2 7 45.865161
6 0.010000 2.640000 7 2 45.865161
7 0.010000 2.800000 3 9 48.434735
8 0.010000 2.800000 9 3 48.434735
9 0.010000 3.730000 2 5 9.221792
10 0.010000 3.730000 5 2 9.221792
11 0.010000 8.600000 3 6 24.989132
12 0.010000 8.600000 6 3 24.989132
13 0.010000 8.830000 5 7 17.993520
14 0.010000 8.830000 7 5 17.993520
15 0.010000 9.630000 2 10 45.003424
16 0.010000 9.630000 10 2 45.003424
17 10.110000 10.390000 9 11 26.570691
18 10.110000 10.390000 11 9 26.570691
19 0.010000 11.040000 2 8 50.532380
20 0.010000 11.040000 8 2 50.532380
21 0.010000 17.300000 2 11 14.092351
22 0.010000 17.300000 11 2 14.092351
23 10.240000 19.600000 8 10 18.190146
24 10.240000 19.600000 10 8 18.190146
25 0.010000 21.340000 5 10 12.276949
26 0.010000 21.340000 10 5 12.276949
27 0.010000 25.570000 9 12 11.803428
28 0.010000 25.570000 12 9 11.803428
29 0.010000 33.910000 6 12 48.464610
30 0.010000 33.910000 12 6 48.464610
31 0.010000 35.430000 3 12 33.985229
32 0.010000 35.430000 12 3 33.985229
33 35.230000 35.740000 2 4 32.493010
34 35.230000 35.740000 4 2 32.493010
35 0.010000 36.720000 5 8 12.247740
36 0.010000 36.720000 8 5 12.247740
37 0.010000 39.570000 5 11 47.651556
38 0.010000 39.570000 11 5 47.651556
39 41.750000 42.780000 2 4 36.102757
40 41.750000 42.780000 4 2 36.102757
41 0.010000 44.860000 1 4 22.547619
42 0.010000 44.860000 4 1 22.547619
43 33.940000 47.330000 2 7 30.662477
44 33.940000 47.330000 7 2 30.662477
45 47.700000 51.690000 1 4 25.090402
46 47.700000 51.690000 4 1 25.090402
47 28.180000 52.690000 2 10 8.798335
48 28.180000 52.690000 10 2 8.798335
49 42.920000 53.000000 8 10 16.995808
50 42.920000 53.000000 10 8 16.995808
51 25.280000 55.180000 2 5 11.165947
52 25.280000 55.180000 5 2 11.165947
53 22.810000 57.640000 3 6 14.195389
54 22.810000 57.640000 6 3 14.195389
55 52.380000 58.850000 3 11 16.997626
56 52.380000 58.850000 11 3 16.997626
57 54.000000 60.460000 6 11 25.863353
58 54.000000 60.460000 11 6 25.863353
59 3.530000 60.800000 8 11 7.482722
60 3.530000 60.800000 11 8 7.482722
61 58.870000 62.490000 6 8 50.135805
62 58.870000 62.490000 8 6 50.135805
63 15.530000 63.930000 3 9 52.239359
64 15.530000 63.930000 9 3 52.239359
65 11.300000 68.040000 6 9 29.543205
66 11.300000 68.040000 9 6 29.543205
67 46.470000 69.060000 3 12 29.462632
68 46.470000 69.060000 12 3 29.462632
69 77.090000 78.400000 2 4 21.885970
70 77.090000 78.400000 4 2 21.885970
71 70.300000 80.990000 8 10 50.002692
72 70.300000 80.990000 10 8 50.002692
73 76.010000 81.800000 5 7 23.462339
74 76.010000 81.800000 7 5 23.462339
75 76.680000 82.170000 9 11 10.560138
76 76.680000 82.170000 11 9 10.560138
77 77.150000 84.000000 2 7 44.012603
78 77.150000 84.000000 7 2 44.012603
79 78.000000 84.520000 3 11 24.486942
80 78.000000 84.520000 11 3 24.486942
81 84.380000 84.640000 2 4 17.084564
82 84.380000 84.640000 4 2 17.084564
83 69.000000 87.730000 8 11 25.195607
84 69.000000 87.730000 11 8 25.195607
85 71.850000 90.070000 3 6 9.822726
86 71.850000 90.070000 6 3 9.822726
87 73.300000 90.390000 2 5 11.598665
88 73.300000 90.390000 5 2 11.598665
89 79.380000 91.710000 3 9 52.102530
90 79.380000 91.710000 9 3 52.102530
91 68.090000 92.440000 2 10 52.806727
92 68.090000 92.440000 10 2 52.806727
93 62.880000 95.390000 5 10 33.760430
94 62.880000 95.390000 10 5 33.760430
95 92.270000 95.980000 6 8 7.988977
96 92.270000 95.980000 8 6 7.988977
97 23.140000 98.700000 2 8 16.738996
98 23.140000 98.700000 8 2 16.738996
99 53.250000 102.420000 5 8 22.657929
100 53.250000 102.420000 8 5 22.657929
101 99.330000 103.160000 6 11 46.059702
102 99.330000 103.160000 11 6 46.059702
103 48.340000 109.850000 5 11 5.770172
104 48.340000 109.850000 11 5 5.770172
105 55.920000 112.200000 9 12 7.151190
106 55.920000 112.200000 12 9 7.151190
107 48.390000 112.370000 6 12 43.449501
108 48.390000 112.370000 12 6 43.449501
109 103.900000 113.170000 8 10 37.455774
110 103.900000 113.170000 10 8 37.455774
111 53.580000 114.440000 1 4 41.586119
112 53.580000 114.440000 4 1 41.586119
113 112.120000 114.620000 3 5 37.387298
114 112.120000 114.620000 5 3 37.387298
115 118.940000 121.170000 2 4 27.546185
116 118.940000 121.170000 4 2 27.546185
117 104.300000 122.520000 3 6 32.350445
118 104.300000 122.520000 6 3 32.350445
119 69.310000 123.330000 3 12 19.816040
120 69.310000 123.330000 12 3 19.816040
121 115.960000 124.970000 2 7 42.234640
122 115.960000 124.970000 7 2 42.234640
123 124.880000 127.220000 6 11 14.447751
124 124.880000 127.220000 11 6 14.447751
125 107.830000 132.350000 2 10 39.338772
126 107.830000 132.350000 10 2 39.338772
127 104.240000 134.150000 2 5 14.175558
128 104.240000 134.150000 5 2 14.175558
129 110.660000 134.550000 2 8 23.424230
130 110.660000 134.550000 8 2 23.424230
131 23.470000 136.160000 2 11 36.280928
132 23.470000 136.160000 11 2 36.280928
133 87.950000 144.710000 6 9 44.011372
134 87.950000 144.710000 9 6 44.011372
135 118.320000 145.150000 6 12 9.056288
136 118.320000 145.150000 12 6 9.056288
137 135.860000 146.830000 8 10 51.469299
138 135.860000 146.830000 10 8 51.469299
139 145.720000 148.790000 3 11 43.785634
140 145.720000 148.790000 11 3 43.785634
141 101.600000 150.020000 3 9 29.339582
142 101.600000 150.020000 9 3 29.339582
143 96.070000 153.320000 8 11 26.792929
144 96.070000 153.320000 11 8 26.792929
145 134.040000 154.620000 3 12 27.339187
146 134.040000 154.620000 12 3 27.339187
147 136.750000 154.980000 3 6 20.317474
148 136.750000 154.980000 6 3 20.317474
149 160.770000 163.050000 2 4 30.425433
150 160.770000 163.050000 4 2 30.425433
151 146.740000 164.230000 5 7 30.538577
152 146.740000 164.230000 7 5 30.538577
153 118.930000 168.310000 5 8 45.881385
154 118.930000 168.310000 8 5 45.881385
155 155.920000 169.160000 2 7 44.741571
156 155.920000 169.160000 7 2 44.741571
157 136.010000 169.780000 5 10 37.215907
158 136.010000 169.780000 10 5 37.215907
159 169.690000 172.470000 9 11 23.930469
160 169.690000 172.470000 11 9 23.930469
161 151.120000 172.530000 2 10 45.579023
162 151.120000 172.530000 10 2 45.579023
163 164.120000 174.030000 8 10 31.641279
164 164.120000 174.030000 10 8 31.641279
165 167.600000 174.050000 6 11 22.536355
166 167.600000 174.050000 11 6 22.536355
167 167.910000 174.380000 3 11 51.950078
168 167.910000 174.380000 11 3 51.950078
169 117.660000 178.400000 1 4 48.797141
170 117.660000 178.400000 4 1 48.797141
171 142.230000 179.760000 2 11 32.507817
172 142.230000 179.760000 11 2 32.507817
173 118.640000 180.180000 5 11 36.123754
174 118.640000 180.180000 11 5 36.123754
175 161.570000 180.280000 8 11 34.352235
176 161.570000 180.280000 11 8 34.352235
177 165.670000 180.660000 3 9 15.387115
178 165.670000 180.660000 9 3 15.387115
179 155.790000 181.620000 2 5 20.062317
180 155.790000 181.620000 5 2 20.062317
181 165.460000 181.960000 3 6 28.546167
182 165.460000 181.960000 6 3 28.546167
183 164.590000 182.340000 6 9 16.524408
184 164.590000 182.340000 9 6 16.524408
185 180.910000 184.860000 1 4 47.215440
186 180.910000 184.860000 4 1 47.215440
187 177.630000 190.080000 5 8 14.738214
188 177.630000 190.080000 8 5 14.738214
189 142.530000 198.850000 9 12 16.296089
190 142.530000 198.850000 12 9 16.296089
